
 LIST ALL SELECTED ELEMENTS.  (LIST NODES)
 
    ELEM MAT TYP REL ESY SEC        NODES
 
       1   1   1   1   0   1      4     7     5
       2   1   1   1   0   1      4     6     7
       3   1   1   1   0   1      3     5     7
       4   1   1   1   0   1      3     1     5
       5   1   1   1   0   1      6     3     7
       6   1   1   1   0   1      6     2     3
       7   1   1   1   0   1     12    13    14
       8   1   1   1   0   1     12    11    13
       9   1   1   1   0   1      9    14    10
      10   1   1   1   0   1      9    12    14
      11   1   1   1   0   1      8    14    13
      12   1   1   1   0   1      8    10    14
      13   1   1   1   0   1     18    21    19
      14   1   1   1   0   1     18    20    21
      15   1   1   1   0   1     16    21    17
      16   1   1   1   0   1     16    19    21
      17   1   1   1   0   1     20    17    21
      18   1   1   1   0   1     20    15    17
      19   1   1   1   0   1     13    25     8
      20   1   1   1   0   1     13    27    25
 
    ELEM MAT TYP REL ESY SEC        NODES
 
      21   1   1   1   0   1     11    27    13
      22   1   1   1   0   1     11    26    27
      23   1   1   1   0   1     25    24    23
      24   1   1   1   0   1     25    27    24
      25   1   1   1   0   1     26    24    27
      26   1   1   1   0   1     26    22    24
      27   1   1   1   0   1     29    24    22
      28   1   1   1   0   1     29    30    24
      29   1   1   1   0   1     15    30    29
      30   1   1   1   0   1     15    20    30
      31   1   1   1   0   1     24    28    23
      32   1   1   1   0   1     24    30    28
      33   1   1   1   0   1     20    28    30
      34   1   1   1   0   1     20    18    28
      35   1   1   1   0   1     34    37    35
      36   1   1   1   0   1     34    36    37
      37   1   1   1   0   1     32    37    33
      38   1   1   1   0   1     32    35    37
      39   1   1   1   0   1     36    33    37
      40   1   1   1   0   1     36    31    33
 
    ELEM MAT TYP REL ESY SEC        NODES
 
      41   1   1   1   0   1     41    42    43
      42   1   1   1   0   1     41    15    42
      43   1   1   1   0   1     38    43    40
      44   1   1   1   0   1     38    41    43
      45   1   1   1   0   1     39    43    42
      46   1   1   1   0   1     39    40    43
      47   1   1   1   0   1     47    46    22
      48   1   1   1   0   1     47    48    46
      49   1   1   1   0   1     31    48    47
      50   1   1   1   0   1     31    36    48
      51   1   1   1   0   1     46    45    44
      52   1   1   1   0   1     46    48    45
      53   1   1   1   0   1     36    45    48
      54   1   1   1   0   1     36    34    45
      55   1   1   1   0   1     42    49    39
      56   1   1   1   0   1     42    50    49
      57   1   1   1   0   1     15    50    42
      58   1   1   1   0   1     15    29    50
      59   1   1   1   0   1     49    46    44
      60   1   1   1   0   1     49    50    46
 
    ELEM MAT TYP REL ESY SEC        NODES
 
      61   1   1   1   0   1     29    46    50
      62   1   1   1   0   1     29    22    46
      63   1   1   1   0   1     53    56    54
      64   1   1   1   0   1     53    55    56
      65   1   1   1   0   1     51    56    52
      66   1   1   1   0   1     51    54    56
      67   1   1   1   0   1     55    52    56
      68   1   1   1   0   1     55    31    52
      69   1   1   1   0   1     60    63    61
      70   1   1   1   0   1     60    62    63
      71   1   1   1   0   1     59    61    63
      72   1   1   1   0   1     59    57    61
      73   1   1   1   0   1     58    63    62
      74   1   1   1   0   1     58    59    63
      75   1   1   1   0   1     67    68    69
      76   1   1   1   0   1     67    66    68
      77   1   1   1   0   1     65    67    69
      78   1   1   1   0   1     65    23    67
      79   1   1   1   0   1     64    69    68
      80   1   1   1   0   1     64    65    69
 
    ELEM MAT TYP REL ESY SEC        NODES
 
      81   1   1   1   0   1     31    73    52
      82   1   1   1   0   1     31    47    73
      83   1   1   1   0   1     47    72    73
      84   1   1   1   0   1     47    22    72
      85   1   1   1   0   1     52    71    51
      86   1   1   1   0   1     52    73    71
      87   1   1   1   0   1     72    71    73
      88   1   1   1   0   1     72    70    71
      89   1   1   1   0   1     76    77    78
      90   1   1   1   0   1     76    66    77
      91   1   1   1   0   1     74    78    75
      92   1   1   1   0   1     74    76    78
      93   1   1   1   0   1     77    75    78
      94   1   1   1   0   1     77    44    75
      95   1   1   1   0   1     80    72    22
      96   1   1   1   0   1     80    81    72
      97   1   1   1   0   1     57    81    80
      98   1   1   1   0   1     57    59    81
      99   1   1   1   0   1     72    79    70
     100   1   1   1   0   1     72    81    79
 
    ELEM MAT TYP REL ESY SEC        NODES
 
     101   1   1   1   0   1     59    79    81
     102   1   1   1   0   1     59    58    79
     103   1   1   1   0   1     85    86    87
     104   1   1   1   0   1     85     1    86
     105   1   1   1   0   1     83    87    84
     106   1   1   1   0   1     83    85    87
     107   1   1   1   0   1     86    84    87
     108   1   1   1   0   1     86    82    84
     109   1   1   1   0   1     88    89    90
     110   1   1   1   0   1     88    70    89
     111   1   1   1   0   1     83    90    85
     112   1   1   1   0   1     83    88    90
     113   1   1   1   0   1     89    85    90
     114   1   1   1   0   1     89     1    85
     115   1   1   1   0   1     93    96    94
     116   1   1   1   0   1     93    95    96
     117   1   1   1   0   1     91    96    92
     118   1   1   1   0   1     91    94    96
     119   1   1   1   0   1     95    92    96
     120   1   1   1   0   1     95    11    92
 
    ELEM MAT TYP REL ESY SEC        NODES
 
     121   1   1   1   0   1     98    99   100
     122   1   1   1   0   1     98    97    99
     123   1   1   1   0   1     74   100    76
     124   1   1   1   0   1     74    98   100
     125   1   1   1   0   1     99    76   100
     126   1   1   1   0   1     99    66    76
     127   1   1   1   0   1    104   105   106
     128   1   1   1   0   1    104   103   105
     129   1   1   1   0   1     64   106   102
     130   1   1   1   0   1     64   104   106
     131   1   1   1   0   1    105   102   106
     132   1   1   1   0   1    105   101   102
     133   1   1   1   0   1    110   111   112
     134   1   1   1   0   1    110    57   111
     135   1   1   1   0   1    107   112   109
     136   1   1   1   0   1    107   110   112
     137   1   1   1   0   1    108   112   111
     138   1   1   1   0   1    108   109   112
     139   1   1   1   0   1     68   113   114
     140   1   1   1   0   1     68    66   113
 
    ELEM MAT TYP REL ESY SEC        NODES
 
     141   1   1   1   0   1     64   114   104
     142   1   1   1   0   1     64    68   114
     143   1   1   1   0   1    113   104   114
     144   1   1   1   0   1    113   103   104
     145   1   1   1   0   1     26   117    22
     146   1   1   1   0   1     26   118   117
     147   1   1   1   0   1     11   118    26
     148   1   1   1   0   1     11    95   118
     149   1   1   1   0   1    117   116   115
     150   1   1   1   0   1    117   118   116
     151   1   1   1   0   1     95   116   118
     152   1   1   1   0   1     95    93   116
     153   1   1   1   0   1     57   120   111
     154   1   1   1   0   1     57    80   120
     155   1   1   1   0   1     80   117   120
     156   1   1   1   0   1     80    22   117
     157   1   1   1   0   1    111   119   108
     158   1   1   1   0   1    111   120   119
     159   1   1   1   0   1    117   119   120
     160   1   1   1   0   1    117   115   119
 
    ELEM MAT TYP REL ESY SEC        NODES
 
     161   1   1   1   0   1    125   126   127
     162   1   1   1   0   1    125   124   126
     163   1   1   1   0   1    121   127   123
     164   1   1   1   0   1    121   125   127
     165   1   1   1   0   1    122   127   126
     166   1   1   1   0   1    122   123   127
     167   1   1   1   0   1    131   134   132
     168   1   1   1   0   1    131   133   134
     169   1   1   1   0   1    129   134   130
     170   1   1   1   0   1    129   132   134
     171   1   1   1   0   1    133   130   134
     172   1   1   1   0   1    133   128   130
     173   1   1   1   0   1    138   137   136
     174   1   1   1   0   1    138   139   137
     175   1   1   1   0   1    128   139   138
     176   1   1   1   0   1    128   133   139
     177   1   1   1   0   1    137   135    82
     178   1   1   1   0   1    137   139   135
     179   1   1   1   0   1    133   135   139
     180   1   1   1   0   1    133   131   135
 
    ELEM MAT TYP REL ESY SEC        NODES
 
     181   1   1   1   0   1    141   137    82
     182   1   1   1   0   1    141   142   137
     183   1   1   1   0   1    141   126   142
     184   1   1   1   0   1    141   122   126
     185   1   1   1   0   1    137   140   136
     186   1   1   1   0   1    137   142   140
     187   1   1   1   0   1    142   124   140
     188   1   1   1   0   1    142   126   124
     189   1   1   1   0   1    140   146   136
     190   1   1   1   0   1    140   147   146
     191   1   1   1   0   1    124   147   140
     192   1   1   1   0   1    124   144   147
     193   1   1   1   0   1    146   145     2
     194   1   1   1   0   1    146   147   145
     195   1   1   1   0   1    144   145   147
     196   1   1   1   0   1    144   143   145
     197   1   1   1   0   1    151   146     2
     198   1   1   1   0   1    151   153   146
     199   1   1   1   0   1    151   152   153
     200   1   1   1   0   1    151   150   152
 
    ELEM MAT TYP REL ESY SEC        NODES
 
     201   1   1   1   0   1    146   149   136
     202   1   1   1   0   1    146   153   149
     203   1   1   1   0   1    153   148   149
     204   1   1   1   0   1    153   152   148
     205   1   1   1   0   1    156   159   157
     206   1   1   1   0   1    156   158   159
     207   1   1   1   0   1    154   159   155
     208   1   1   1   0   1    154   157   159
     209   1   1   1   0   1    158   155   159
     210   1   1   1   0   1    158   148   155
     211   1   1   1   0   1    161   162   163
     212   1   1   1   0   1    161   115   162
     213   1   1   1   0   1      4   163   160
     214   1   1   1   0   1      4   161   163
     215   1   1   1   0   1    162   160   163
     216   1   1   1   0   1    162   101   160
     217   1   1   1   0   1    164   161   165
     218   1   1   1   0   1    164   115   161
     219   1   1   1   0   1      5   164   165
     220   1   1   1   0   1      5     1   164
 
    ELEM MAT TYP REL ESY SEC        NODES
 
     221   1   1   1   0   1      4   165   161
     222   1   1   1   0   1      4     5   165
     223   1   1   1   0   1    170   171   172
     224   1   1   1   0   1    170   169   171
     225   1   1   1   0   1    166   172   168
     226   1   1   1   0   1    166   170   172
     227   1   1   1   0   1    167   172   171
     228   1   1   1   0   1    167   168   172
     229   1   1   1   0   1    149   174   136
     230   1   1   1   0   1    149   175   174
     231   1   1   1   0   1    148   175   149
     232   1   1   1   0   1    148   158   175
     233   1   1   1   0   1    174   173   103
     234   1   1   1   0   1    174   175   173
     235   1   1   1   0   1    158   173   175
     236   1   1   1   0   1    158   156   173
     237   1   1   1   0   1     84   178   179
     238   1   1   1   0   1     84    82   178
     239   1   1   1   0   1     83   179   177
     240   1   1   1   0   1     83    84   179
 
    ELEM MAT TYP REL ESY SEC        NODES
 
     241   1   1   1   0   1    178   177   179
     242   1   1   1   0   1    178   176   177
     243   1   1   1   0   1    180   181   182
     244   1   1   1   0   1    180   176   181
     245   1   1   1   0   1     75   180   182
     246   1   1   1   0   1     75    44   180
     247   1   1   1   0   1     74   182   181
     248   1   1   1   0   1     74    75   182
     249   1   1   1   0   1    184   174   103
     250   1   1   1   0   1    184   185   174
     251   1   1   1   0   1    184   171   185
     252   1   1   1   0   1    184   167   171
     253   1   1   1   0   1    174   183   136
     254   1   1   1   0   1    174   185   183
     255   1   1   1   0   1    185   169   183
     256   1   1   1   0   1    185   171   169
     257   1   1   1   0   1    188   191   189
     258   1   1   1   0   1    188   190   191
     259   1   1   1   0   1    186   191   187
     260   1   1   1   0   1    186   189   191
 
    ELEM MAT TYP REL ESY SEC        NODES
 
     261   1   1   1   0   1    190   187   191
     262   1   1   1   0   1    190   169   187
     263   1   1   1   0   1    194   192    97
     264   1   1   1   0   1    194   196   192
     265   1   1   1   0   1    194   195   196
     266   1   1   1   0   1    194   193   195
     267   1   1   1   0   1    192   138   136
     268   1   1   1   0   1    192   196   138
     269   1   1   1   0   1    196   128   138
     270   1   1   1   0   1    196   195   128
     271   1   1   1   0   1    177   197   198
     272   1   1   1   0   1    177   176   197
     273   1   1   1   0   1     83   198    88
     274   1   1   1   0   1     83   177   198
     275   1   1   1   0   1    197    88   198
     276   1   1   1   0   1    197    70    88
     277   1   1   1   0   1    102   199   200
     278   1   1   1   0   1    102   101   199
     279   1   1   1   0   1     64   200    65
     280   1   1   1   0   1     64   102   200
 
    ELEM MAT TYP REL ESY SEC        NODES
 
     281   1   1   1   0   1    199    65   200
     282   1   1   1   0   1    199    23    65
     283   1   1   1   0   1    160   201   202
     284   1   1   1   0   1    160   101   201
     285   1   1   1   0   1      4   202     6
     286   1   1   1   0   1      4   160   202
     287   1   1   1   0   1    201     6   202
     288   1   1   1   0   1    201     2     6
     289   1   1   1   0   1    183   192   136
     290   1   1   1   0   1    183   204   192
     291   1   1   1   0   1    169   204   183
     292   1   1   1   0   1    169   190   204
     293   1   1   1   0   1    192   203    97
     294   1   1   1   0   1    192   204   203
     295   1   1   1   0   1    190   203   204
     296   1   1   1   0   1    190   188   203
     297   1   1   1   0   1      2   208     3
     298   1   1   1   0   1      2   145   208
     299   1   1   1   0   1    145   207   208
     300   1   1   1   0   1    145   143   207
 
    ELEM MAT TYP REL ESY SEC        NODES
 
     301   1   1   1   0   1      3   206     1
     302   1   1   1   0   1      3   208   206
     303   1   1   1   0   1    207   206   208
     304   1   1   1   0   1    207   205   206
     305   1   1   1   0   1    119   211   108
     306   1   1   1   0   1    119   212   211
     307   1   1   1   0   1    115   212   119
     308   1   1   1   0   1    115   164   212
     309   1   1   1   0   1    211   210   209
     310   1   1   1   0   1    211   212   210
     311   1   1   1   0   1    164   210   212
     312   1   1   1   0   1    164     1   210
     313   1   1   1   0   1    215   214   213
     314   1   1   1   0   1    215   216   214
     315   1   1   1   0   1    215   162   216
     316   1   1   1   0   1    215   101   162
     317   1   1   1   0   1    214   116    93
     318   1   1   1   0   1    214   216   116
     319   1   1   1   0   1    216   115   116
     320   1   1   1   0   1    216   162   115
 
    ELEM MAT TYP REL ESY SEC        NODES
 
     321   1   1   1   0   1    218   201   101
     322   1   1   1   0   1    218   220   201
     323   1   1   1   0   1    218   219   220
     324   1   1   1   0   1    218   217   219
     325   1   1   1   0   1    220     2   201
     326   1   1   1   0   1    220   151     2
     327   1   1   1   0   1    219   151   220
     328   1   1   1   0   1    219   150   151
     329   1   1   1   0   1    223   222   221
     330   1   1   1   0   1    223   224   222
     331   1   1   1   0   1    223   180   224
     332   1   1   1   0   1    223   176   180
     333   1   1   1   0   1    222    45    34
     334   1   1   1   0   1    222   224    45
     335   1   1   1   0   1    224    44    45
     336   1   1   1   0   1    224   180    44
     337   1   1   1   0   1    226    77    66
     338   1   1   1   0   1    226   228    77
     339   1   1   1   0   1    226   227   228
     340   1   1   1   0   1    226   225   227
 
    ELEM MAT TYP REL ESY SEC        NODES
 
     341   1   1   1   0   1    228    44    77
     342   1   1   1   0   1    228    49    44
     343   1   1   1   0   1    227    49   228
     344   1   1   1   0   1    227    39    49
     345   1   1   1   0   1     97   232    99
     346   1   1   1   0   1     97   203   232
     347   1   1   1   0   1    203   231   232
     348   1   1   1   0   1    203   188   231
     349   1   1   1   0   1     99   230    66
     350   1   1   1   0   1     99   232   230
     351   1   1   1   0   1    231   230   232
     352   1   1   1   0   1    231   229   230
     353   1   1   1   0   1    103   234   105
     354   1   1   1   0   1    103   173   234
     355   1   1   1   0   1    173   233   234
     356   1   1   1   0   1    173   156   233
     357   1   1   1   0   1    105   218   101
     358   1   1   1   0   1    105   234   218
     359   1   1   1   0   1    233   218   234
     360   1   1   1   0   1    233   217   218
 
    ELEM MAT TYP REL ESY SEC        NODES
 
     361   1   1   1   0   1    103   236   184
     362   1   1   1   0   1    103   113   236
     363   1   1   1   0   1    113   230   236
     364   1   1   1   0   1    113    66   230
     365   1   1   1   0   1    184   235   167
     366   1   1   1   0   1    184   236   235
     367   1   1   1   0   1    230   235   236
     368   1   1   1   0   1    230   229   235
     369   1   1   1   0   1    215   199   101
     370   1   1   1   0   1    215   238   199
     371   1   1   1   0   1    215   237   238
     372   1   1   1   0   1    215   213   237
     373   1   1   1   0   1    238    23   199
     374   1   1   1   0   1    238    25    23
     375   1   1   1   0   1    237    25   238
     376   1   1   1   0   1    237     8    25
     377   1   1   1   0   1    226   239   225
     378   1   1   1   0   1    226   240   239
     379   1   1   1   0   1    226    67   240
     380   1   1   1   0   1    226    66    67
 
    ELEM MAT TYP REL ESY SEC        NODES
 
     381   1   1   1   0   1    239    28    18
     382   1   1   1   0   1    239   240    28
     383   1   1   1   0   1    240    23    28
     384   1   1   1   0   1    240    67    23
     385   1   1   1   0   1    223   197   176
     386   1   1   1   0   1    223   242   197
     387   1   1   1   0   1    223   241   242
     388   1   1   1   0   1    223   221   241
     389   1   1   1   0   1    242    70   197
     390   1   1   1   0   1    242    71    70
     391   1   1   1   0   1    241    71   242
     392   1   1   1   0   1    241    51    71
     393   1   1   1   0   1    206    86     1
     394   1   1   1   0   1    206   244    86
     395   1   1   1   0   1    206   243   244
     396   1   1   1   0   1    206   205   243
     397   1   1   1   0   1    244    82    86
     398   1   1   1   0   1    244   141    82
     399   1   1   1   0   1    243   141   244
     400   1   1   1   0   1    243   122   141
 
    ELEM MAT TYP REL ESY SEC        NODES
 
     401   1   1   1   0   1     82   248   178
     402   1   1   1   0   1     82   135   248
     403   1   1   1   0   1    135   247   248
     404   1   1   1   0   1    135   131   247
     405   1   1   1   0   1    178   246   176
     406   1   1   1   0   1    178   248   246
     407   1   1   1   0   1    247   246   248
     408   1   1   1   0   1    247   245   246
     409   1   1   1   0   1    249    79    58
     410   1   1   1   0   1    249   250    79
     411   1   1   1   0   1    249   210   250
     412   1   1   1   0   1    249   209   210
     413   1   1   1   0   1    250    70    79
     414   1   1   1   0   1    250    89    70
     415   1   1   1   0   1    210    89   250
     416   1   1   1   0   1    210     1    89
     417   1   1   1   0   1    143   254   253
     418   1   1   1   0   1    143   144   254
     419   1   1   1   0   1    251   254   252
     420   1   1   1   0   1    251   253   254
 
    ELEM MAT TYP REL ESY SEC        NODES
 
     421   1   1   1   0   1    144   252   254
     422   1   1   1   0   1    144   124   252
     423   1   1   1   0   1    257   152   258
     424   1   1   1   0   1    257   148   152
     425   1   1   1   0   1    255   258   256
     426   1   1   1   0   1    255   257   258
     427   1   1   1   0   1    150   258   152
     428   1   1   1   0   1    150   256   258
     429   1   1   1   0   1    261   195   262
     430   1   1   1   0   1    261   128   195
     431   1   1   1   0   1    259   262   260
     432   1   1   1   0   1    259   261   262
     433   1   1   1   0   1    193   262   195
     434   1   1   1   0   1    193   260   262

